2
3
4
5
6
7
8
9
12
13
14
15
16
19
20
21
22
23
24
25
26
27
28
29
30
31
32
33
34
35
37
38
39
40
41
42
43
44
45
46
47
48
51
52
53
54
57
59
60
61
62
64
66
67
69
70
71
72
73
74
75
76
77
78
79
80
81
82
84
85
86
92
93
96
97
99
100
101
105
106
108
109
110
112
114
115
116
119
121
123
124
125
131
132
134
135
136
137
138
139
140
141
142
143
145
146
148
149
151
152
153
155
158
162
163
164
167
170
171
173
175
177
178
179
181
182
184
186
187
188
194
195
196
197
199
200
202
204
207
208
209
210
211
212
214
215
216
217
218
220
221
222
223
225
227
229
230
232
233
234
236
237
238
239
241
242
243
244
245
246
249
250
251
254
255
256
257
258
259
262
265
266
267
269
270
271
275
276
277
278
279
280
281
282
283
284
285
286
287
288
290
292
293
294
295
298
299
300
301
302
305
306
308
309
312
313
314
315
317
318
319
321
322
323
324
325
327
328
331
332
333
335
336
337
338
340
341
344
345
347
348
349
350
352
353
355
358
359
360
362
363
364
365
366
368
369
371
378
380
381
382
383
387
388
389
390
391
393
394
395
397
398
399
401
402
403
406
407
408
409
410
412
413
416
417
421
422
424
425
426
427
428
429
431
432
434
435
438
439
440
443
444
445
446
447
448
449
450
454
455
456
457
458
459
460
462
463
467
468
471
472
473
474
476
480
481
482
483
484
485
486
488
489
492
494
495
496
497
498
499
501
502
503
504
505
506
508
509
513
514
515
516
519
520
521
522
523
524
525
530
531
532
534
535
537
538
541
542
543
544
546
547
548
549
550
551
554
555
556
557
558
559
560
562
563
564
566
567
568
569
570
572
575
576
580
581
582
585
586
588
591
592
593
596
598
599
600
601
604
608
609
611
613
614
615
616
617
620
622
624
625
626
627
631
633
634
636
639
643
646
648
650
652
653
655
656
658
659
662
663
664
665
668
669
671
672
673
674
676
677
678
680
683
684
685
686
687
692
693
694
695
696
697
698
699
701
702
705
706
710
711
712
713
714
715
716
717
718
720
721
722
723
724
726
727
731
732
733
735
736
737
742
743
746
747
749
750
751
752
753
754
755
757
758
760
761
762
763
764
766
768
769
770
771
772
773
774
778
780
781
783
785
786
789
791
792
793
794
796
797
798
800
801
802
804
805
806
807
809
810
811
812
814
816
817
820
823
824
826
827
829
830
833
834
835
837
840
843
845
846
847
848
849
850
851
852
853
856
857
858
860
863
865
866
867
869
870
871
872
873
875
876
877
878
879
880
881
883
884
885
886
888
890
891
892
894
895
896
898
899
902
903
904
905
907
908
912
914
915
916
917
918
919
920
923
924
925
926
927
928
930
932
933
934
937
938
941
942
943
944
945
946
948
949
953
954
955
958
959
960
963
965
967
968
970
971
972
973
974
975
976
977
979
982
984
985
987
989
990
991
992
993
994
996
998
1001
1002
1003
1005
1008
1009
1011
1012
1013
1014
1016
1017
1019
1020
1023
1024
1026
1029
1030
1031
1034
1035
1036
1038
1041
1042
1044
1045
1046
1047
1049
1050
1053
1054
1059
1063
1065
1066
1070
1071
1072
1073
1075
1077
1078
1080
1081
1083
1084
1085
1086
1089
1091
1092
1093
1097
1101
1103
1104
1107
1108
1110
1111
1112
1115
1117
1118
1121
1122
1123
1125
1126
1130
1131
1132
1134
1137
1140
1141
1142
1143
1146
1147
1148
1150
1151
1152
1154
1155
1156
1158
1159
1165
1166
1167
1168
1169
1173
1174
1175
1176
1177
1178
1180
1181
1188
1189
1191
1193
1195
1196
1197
1199
1200
1206
1208
1210
1212
1213
1214
1215
1219
1220
1223
1225
1226
1227
1228
1230
1233
1234
1238
1239
1241
1242
1244
1246
1247
1248
1250
1251
1252
1254
1256
1257
1258
1260
1261
1262
1272
1274
1278
1279
1280
1281
1283
1287
1288
1289
1291
1292
1293
1295
1296
1297
1298
1300
1301
1302
1303
1304
1305
1307
1308
1309
1310
1311
1313
1315
1316
1317
1318
1320
1321
1322
1324
1325
1326
1329
1330
1332
1333
1334
1335
1336
1337
1338
1339
1342
1343
1344
1346
1347
1348
1349
1350
1351
1355
1357
1359
1360
1362
1363
1366
1368
1369
1370
1371
1372
1375
1381
1382
1383
1384
1386
1388
1389
1391
1395
1397
1398
1404
1405
1406
1407
1408
1413
1414
1415
1416
1417
1419
1420
1423
1424
1426
1427
1433
1434
1435
1436
1439
1440
1442
1443
1444
1446
1447
1449
1450
1451
1454
1455
1457
1464
1465
1466
1468
1470
1472
1473
1474
1476
1477
1479
1481
1483
1487
1489
1491
1493
1494
1497
1499
1501
1502
1504
1507
1512
1513
1516
1518
1519
1520
1523
1527
1529
1532
1534
1535
1536
1541
1543
1544
1546
1550
1554
1555
1559
1560
1561
1566
1567
1570
1572
1573
1575
1578
1579
1580
1581
1583
1584
1587
1588
1590
1591
1592
1594
1598
1599
1601
1603
1605
1607
1608
1611
1612
1613
1615
1616
1618
1619
1620
1621
1624
1625
1626
1627
1628
1629
1631
1633
1634
1636
1637
1643
1645
1648
1649
1650
1651
1653
1654
1656
1657
1658
1660
1665
1666
1668
1669
1672
1674
1675
1676
1679
1681
1683
1685
1686
1687
1688
1689
1691
1693
1695
1696
1699
1700
1702
1704
1705
1706
1709
1711
1713
1714
1716
1717
1718
1719
1720
1722
1723
1724
1726
1728
1729
1731
1733
1734
1736
1737
1738
1739
1741
1743
1744
1745
1746
1747
1752
1753
1755
1756
1757
1761
1762
1763
1765
1766
1769
1770
1771
1773
1778
1781
1783
1784
1786
1788
1790
1794
1795
1796
1797
1798
1799
1800
1803
1804
1808
1809
1810
1813
1814
1815
1818
1819
1820
1821
1822
1823
1824
1825
1827
1828
1830
1833
1834
1835
1837
1838
1839
1843
1844
1846
1849
1850
1851
1854
1855
1856
1857
1860
1861
1862
1863
1865
1867
1868
1870
1872
1873
1875
1876
1878
1880
1881
1883
1885
1886
1890
1891
1893
1894
1896
1897
1898
1899
1900
1901
1902
1905
1908
1910
1911
1912
1913
1914
1915
1916
1923
1924
1925
1926
1927
1928
1931
1933
1934
1935
1936
1939
1940
1941
1942
1943
1946
1949
1952
1953
1954
1957
1958
1959
1960
1962
1964
1965
1966
1967
1973
1974
1977
1978
1979
1981
1982
1983
1989
1991
1993
1994
1997
1998
1999
2000
2001
2002
2003
2004
2006
2007
2010
2015
2016
2017
2018
2020
2021
2023
2024
2025
2026
2027
2031
2032
2034
2035
2037
2038
2041
2043
2044
2045
2047
2048
2049
2050
2051
2052
2053
2054
2058
2059
2061
2062
2063
2064
2065
2067
2068
2070
2071
2072
2073
2075
2076
2077
2078
2079
2081
2083
2084
2085
2086
2087
2088
2090
2092
2094
2102
2103
2104
2105
2107
2108
2109
2110
2111
2112
2113
2114
2115
2116
2118
2119
2120
2122
2127
2129
2131
2132
2133
2134
2135
2136
2138
2139
2140
2143
2146
2147
2148
2150
2151
2152
2153
2154
2155
2157
2158
2160
2161
2162
2163
2166
2171
2173
2175
2178
2181
2184
2186
2189
2192
2193
2194
2195
2196
2198
2199
2200
2201
2202
2208
2210
2213
2214
2215
2216
2217
2218
2220
2221
2225
2226
2227
2229
2230
2232
2233
2235
2240
2241
2242
2244
2246
2248
2249
2250
2252
2253
2254
2255
2257
2258
2260
2261
2264
2267
2269
2270
2278
2279
2281
2283
2287
2288
2289
2290
2291
2294
2295
2296
2297
2298
2303
2304
2305
2306
2311
2312
2313
2314
2320
2322
2323
2328
2330
2331
2334
2340
2344
2347
2350
2356
2360
2361
2363
2367
2368
2369
2370
2373
2376
2380
2382
2383
2384
2387
2389
2390
2391
2392
2393
2394
2395
2396
2397
2399
2405
2406
2407
2408
2410
2411
2413
2415
2417
2419
2420
2422
2423
2424
2425
2427
2428
2431
2433
2435
2437
2444
2445
2446
2447
2450
2452
2455
2456
2457
2458
2459
2460
2462
2463
2466
2468
2470
2474
2475
2476
2477
2478
2481
2482
2484
2487
2488
2491
2493
2494
2496
2499
2500
2503
2504
2505
2506
2507
2509
2512
2514
2515
2516
2517
2518
2521
2522
2524
2527
2528
2529
2530
2531
2532
2533
2534
2540
2541
2542
2546
2547
2550
2554
2557
2558
2559
2561
2563
2564
2567
2568
2571
2573
2577
2578
2582
2583
2585
2586
2587
2588
2589
2590
2594
2595
2598
2601
2603
2604
2605
2606
2607
2611
2613
2614
2616
2617
2618
2619
2620
2622
2625
2626
2627
2628
2629
2630
2633
2635
2636
2637
2639
2640
2642
2645
2647
2648
2652
2653
2654
2655
2660
2662
2664
2665
2667
2669
2673
2674
2678
2679
2681
2682
2684
2686
2687
2691
2693
2695
2698
2700
2701
2704
2705
2706
2707
2711
2714
2716
2717
2721
2722
2723
2724
2728
2730
2731
2732
2733
2736
2737
2738
2739
2740
2742
2745
2747
2748
2749
2750
2751
2752
2755
2756
2757
2763
2764
2766
2767
2768
2771
2774
2776
2777
2778
2779
2781
2782
2783
2785
2786
2787
2789
2790
2792
2794
2796
2799
2801
2803
2804
2806
2807
2808
2809
2810
2811
2812
2815
2817
2822
2824
2825
2826
2827
2828
2829
2830
2831
2832
2833
2835
2836
2837
2838
2841
2843
2844
2846
2848
2849
2850
2853
2855
2856
2857
2858
2859
2860
2864
2865
2869
2872
2873
2876
2878
2885
2886
2889
2890
2892
2893
2895
2896
2898
2899
2900
2902
2903
2904
2908
2909
2911
2913
2917
2920
2925
2926
2927
2929
2930
2931
2933
2937
2938
2940
2952
2956
2957
2960
2961
2962
2964
2966
2971
2972
2973
2974
2977
2981
2984
2985
2986
2987
2988
2989
2990
2991
2992
2994
2995
2996
2997
2998
3000
3001
3002
3003
3004
3007
3008
3009
3010
3011
3012
3013
3014
3015
3016
3018
3019
3021
3022
3023
3024
3028
3029
3030
3031
3032
3033
3034
3036
3037
3038
3039
3040
3041
3042
3043
3044
3045
3048
3050
3051
3053
3055
3060
3061
3062
3063
3064
3065
3066
3067
3068
3069
3070
3071
3072
3073
3075
3076
3077
3078
3080
3081
3083
3086
3087
3088
3091
3093
3094
3096
3099
3100
3101
3103
3104
3105
3109
3112
3113
3114
3115
3117
3121
3122
3123
3124
3128
3131
3133
3137
3138
3139
3140
3144
3146
3147
3148
3149
3150
3151
3153
3154
3158
3160
3164
3166
3168
3169
3170
3171
3173
3174
3176
3177
3186
3187
3188
3190
3191
3192
3194
3196
3198
3199
3200
3202
3204
3205
3206
3208
3210
3212
3214
3216
3218
3219
3221
3222
3223
3228
3230
3231
3233
3235
3241
3242
3243
3244
3245
3248
3249
3251
3254
3257
3258
3270
3272
3273
3274
3275
3277
3278
3279
3282
3284
3285
3288
3290
3291
3292
3293
3295
3296
3297
3299
3300
3301
3304
3306
3307
3308
3311
3312
3314
3316
3321
3322
3323
3324
3326
3329
3330
3334
3337
3342
3343
3345
3346
3347
3354
3355
3356
3359
3364
3365
3366
3367
3368
3372
3373
3375
3379
3382
3386
3388
3391
3393
3394
3395
3396
3397
3398
3399
3400
3401
3402
3403
3404
3406
3407
3412
3419
3420
3423
3425
3426
3427
3428
3430
3431
3433
3434
3437
3440
3442
3444
3446
3448
3450
3452
3454
3455
3458
3460
3461
3463
3464
3465
3466
3467
3468
3470
3472
3475
3478
3479
3482
3486
3487
3494
3495
3498
3499
3501
3504
3506
3508
3509
3516
3517
3518
3519
3522
3523
3524
3525
3527
3528
3529
3530
3531
3535
3537
3538
3539
3543
3549
3550
3552
3556
3557
3559
3563
3565
3566
3569
3570
3571
3572
3574
3575
3576
3577
3578
3580
3581
3583
3584
3585
3586
3587
3591
3595
3596
3597
3601
3603
3607
3608
3610
3611
3613
3614
3615
3616
3618
3619
3621
3622
3625
3626
3628
3629
3630
3631
3632
3634
3639
3646
3648
3649
3650
3651
3652
3653
3655
3660
3666
3668
3674
3675
3677
3678
3679
3680
3684
3687
3688
3691
3693
3694
3695
3696
3704
3706
3707
3708
3712
3713
3714
3715
3716
3717
3720
3721
3723
3725
3726
3728
3730
3734
3737
3739
3741
3742
3743
3747
3749
3750
3755
3757
3759
3762
3764
3765
3770
3771
3772
3773
3774
3775
3776
3777
3778
3779
3780
3782
3784
3785
3787
3788
3789
3791
3795
3801
3806
3809
3812
3813
3815
3819
3822
3825
3828
3829
3831
3836
3840
3842
3844
3853
3854
3855
3856
3857
3858
3862
3863
3864
3867
3868
3874
3876
3877
3878
3879
3880
3885
3886
3887
3889
3890
3891
3893
3894
3896
3898
3900
3905
3906
3909
3910
3915
3917
3923
3926
3929
3936
3938
3939
3941
3943
3945
3946
3947
3948
3949
3951
3956
3959
3960
3966
3968
3969
3970
3976
3977
3980
3981
3982
3988
3990
3993
3995
3996
3998
4000
4002
4003
4005
4007
4016
4017
4021
4022
4024
4026
4028
4029
4030
4034
4036
4039
4040
4041
4043
4046
4050
4052
4053
4055
4056
4058
4059
4062
4063
4064
4068
4072
4074
4077
4080
4086
4087
4088
4093
4096
4100
4102
4103
4107
4108
4109
4110
4116
4117
4118
4119
4121
4123
4124
4128
4130
4131
4132
4134
4137
4138
4139
4143
4144
4145
4146
4147
4154
4155
4156
4158
4160
4163
4165
4166
4168
4169
4170
4172
4175
4177
4180
4182
4184
4185
4186
4188
4189
4192
4195
4196
4198
4199
4203
4205
4209
4214
4216
4217
4218
4219
4221
4222
4229
4232
4233
4241
4248
4249
4250
4252
4253
4254
4255
4256
4257
4258
4259
4260
4261
4262
4263
4264
4267
4268
4269
4270
4272
4273
4274
4276
4277
4278
4279
4281
4282
4283
4285
4286
4289
4291
4292
4294
4296
4299
4303
4305
4306
4307
4311
4315
4317
4319
4320
4325
4326
4328
4332
4340
4342
4343
4345
4348
4350
4357
4359
4365
4366
4371
4372
4374
4375
4377
4378
4385
4388
4391
4397
4399
4400
4402
4403
4406
4407
4409
4411
4413
4419
4422
4423
4424
4425
4427
4430
4432
4433
4434
4438
4439
4441
4445
4446
4447
4448
4450
4451
4453
4456
4458
4459
4460
4461
4464
4465
4466
4468
4469
4472
4477
4478
4479
4480
4481
4482
4486
4487
4488
4491
4492
4496
4497
4498
4499
4500
4501
4512
4513
4515
4517
4518
4521
4523
4524
4526
4528
4529
4530
4532
4536
4537
4538
4542
4544
4546
4551
4556
4557
4559
4560
4561
4562
4564
4566
4567
4568
4569
4572
4573
4576
4577
4584
4585
4586
4589
4596
4598
4604
4607
4609
4610
4611
4612
4613
4615
4619
4620
4622
4624
4625
4626
4627
4629
4633
4634
4636
4641
4643
4646
4656
4660
4661
4665
4666
4668
4674
4680
4682
4684
4690
4693
4694
4695
4699
4702
4703
4705
4707
4708
4710
4711
4713
4714
4716
4717
4718
4723
4724
4725
4727
4728
4732
4733
4734
4737
4738
4739
4741
4742
4744
4746
4747
4753
4755
4756
4758
4759
4761
4763
4765
4766
4767
4768
4772
4773
4775
4778
4780
4781
4782
4786
4787
4791
4795
4798
4800
4802
4804
4806
4808
4809
4811
4812
4814
4816
4819
4830
4831
4833
4835
4837
4838
4839
4840
4841
4842
4844
4846
4851
4852
4853
4855
4856
4860
4861
4863
4866
4867
4872
4874
4877
4878
4879
4881
4882
4883
4886
4887
4893
4898
4900
4903
4904
4906
4907
4911
4912
4919
4924
4925
4927
4929
4934
4936
4938
4941
4944
4945
4947
4948
4950
4951
4956
4957
4962
4963
4964
4967
4968
4969
4972
4974
4975
4977
4978
4980
4983
4985
4986
4993
4997
4998
5000
5001
5002
5003
5008
5012
5015
5016
5020
5024
5027
5028
5029
5031
5034
5035
5036
5037
5038
5039
5040
5041
5042
5043
5045
5050
5053
5054
5065
5066
5073
5077
5080
5083
5085
5095
5096
5098
5099
5100
5102
5110
5112
5116
5120
5125
5130
5131
5141
5142
5143
5144
5147
5149
5150
5151
5155
5162
5163
5165
5170
5171
5174
5178
5180
5185
5187
5188
5190
5191
5193
5195
5196
5201
5202
5204
5206
5207
5208
5209
5211
5213
5214
5216
5217
5218
5220
5226
5230
5231
5233
5235
5236
5237
5238
5241
5242
5244
5245
5249
5251
5255
5257
5258
5261
5263
5264
5268
5269
5271
5279
5284
5285
5288
5290
5300
5305
5309
5315
5318
5319
5324
5331
5333
5334
5337
5343
5346
5349
5350
5351
5352
5353
5354
5355
5356
5360
5362
5364
5367
5370
5371
5374
5375
5376
5380
5381
5385
5391
5397
5398
5401
5403
5406
5411
5414
5417
5418
5422
5425
5426
5427
5428
5437
5438
5440
5449
5450
5451
5452
5455
5456
5460
5462
5464
5466
5471
5475
5476
5478
5479
5484
5485
5486
5487
5488
5489
5491
5493
5494
5495
5497
5498
5500
5505
5506
5507
5508
5509
5511
5516
5519
5523
5525
5526
5529
5530
5542
5546
5547
5550
5559
5560
5563
5564
5565
5569
5570
5571
5574
5579
5584
5585
5589
5593
5598
5605
5606
5612
5614
5615
5620
5622
5623
5624
5625
5626
5629
5633
5636
5638
5640
5642
5643
5644
5645
5647
5650
5652
5654
5663
5667
5672
5677
5680
5681
5687
5692
5695
5696
5699
5701
5705
5706
5711
5712
5716
5717
5723
5725
5727
5730
5731
5732
5741
5744
5748
5749
5752
5756
5758
5761
5762
5764
5768
5770
5771
5774
5775
5778
5783
5788
5789
5791
5792
5797
5798
5801
5804
5808
5810
5811
5812
5813
5816
5819
5821
5830
5832
5835
5836
5838
5840
5841
5844
5849
5851
5852
5854
5855
5860
5861
5868
5871
5872
5873
5876
5884
5886
5888
5889
5890
5893
5894
5895
5898
5899
5900
5901
5904
5905
5906
5910
5912
5913
5915
5916
5917
5921
5922
5924
5925
5932
5934
5935
5936
5938
5941
5947
5949
5952
5954
5959
5961
5962
5963
5965
5966
5971
5972
5976
5977
5981
5982
5984
5985
5990
5992
5993
5995
5999
6000
6002
6004
6007
6008
6010
6012
6013
6014
6015
6017
6018
6021
6022
6028
6034
6035
6036
6042
6043
6044
6045
6046
6047
6049
6050
6052
6053
6054
6055
6056
6057
6058
6060
6062
6063
6068
6070
6071
6073
6076
6079
6081
6083
6085
6087
6091
6098
6103
6110
6113
6114
6115
6116
6119
6124
6127
6128
6129
6132
6137
6139
6146
6149
6150
6155
6161
6176
6179
6196
6199
6200
6206
6208
6210
6212
6216
6218
6221
6223
6224
6227
6230
6232
6234
6235
6237
6246
6247
6248
6250
6257
6263
6264
6266
6267
6268
6270
6274
6276
6277
6278
6282
6283
6288
6290
6294
6295
6297
6298
6299
6300
6304
6306
6310
6311
6312
6316
6318
6320
6321
6322
6325
6329
6330
6332
6335
6337
6339
6340
6345
6346
6348
6349
6350
6354
6355
6359
6360
6363
6367
6368
6372
6373
6376
6377
6378
6379
6380
6383
6388
6390
6397
6401
6402
6406
6407
6408
6409
6411
6414
6416
6420
6421
6423
6425
6427
6431
6433
6437
6438
6440
6441
6442
6444
6445
6448
6451
6452
6456
6459
6462
6463
6468
6469
6470
6473
6474
6476
6477
6479
6492
6493
6505
6508
6511
6514
6515
6518
6521
6524
6530
6537
6538
6539
6540
6541
6544
6546
6547
6548
6550
6551
6553
6556
6560
6563
6564
6566
6572
6574
6575
6576
6579
6582
6585
6587
6593
6594
6597
6598
6599
6600
6602
6604
6607
6612
6613
6616
6617
6618
6621
6622
6623
6625
6630
6632
6633
6638
6641
6642
6647
6648
6651
6652
6653
6654
6657
6659
6661
6662
6663
6669
6671
6672
6676
6677
6679
6682
6685
6688
6695
6704
6705
6706
6712
6714
6718
6726
6728
6732
6734
6736
6738
6740
6741
6751
6763
6769
6774
6777
6778
6779
6782
6785
6789
6791
6798
6806
6810
6813
6829
6832
6833
6838
6839
6843
6844
6847
6850
6853
6856
6864
6865
6866
6867
6868
6870
6871
6873
6875
6876
6878
6879
6880
6881
6882
6888
6893
6897
6903
6911
6915
6916
6917
6921
6926
6928
6929
6930
6932
6936
6937
6938
6939
6941
6942
6945
6949
6950
6951
6952
6954
6955
6957
6958
6959
6960
6963
6964
6965
6968
6969
6970
6975
6976
6978
6979
6981
6982
6986
6990
6994
6996
7000
7001
7002
7003
7005
7008
7009
7010
7012
7016
7017
7027
7033
7035
7036
7044
7054
7057
7059
7068
7069
7070
7073
7084
7090
7092
7094
7098
7106
7107
7108
7109
7113
7116
7118
7126
7135
7138
7140
7141
7142
7147
7148
7149
7158
7159
7162
7167
7170
7180
7183
7186
7188
7193
7201
7210
7211
7219
7224
7232
7233
7234
7240
7242
7252
7255
7258
7260
7261
7262
7269
7271
7274
7275
7277
7280
7281
7285
7287
7290
7294
7297
7298
7299
7308
7311
7320
7321
7325
7329
7331
7333
7346
7348
7349
7351
7352
7353
7357
7360
7364
7367
7369
7371
7372
7373
7374
7375
7378
7383
7389
7391
7394
7407
7408
7409
7413
7419
7423
7425
7428
7429
7436
7447
7450
7453
7454
7455
7456
7462
7463
7464
7466
7467
7477
7478
7479
7480
7489
7490
7491
7492
7494
7501
7502
7505
7506
7507
7514
7517
7518
7519
7520
7522
7524
7526
7529
7530
7532
7535
7541
7547
7550
7556
7561
7566
7569
7571
7575
7576
7580
7583
7584
7586
7588
7589
7591
7593
7595
7596
7598
7599
7600
7602
7606
7610
7612
7614
7617
7620
7623
7625
7627
7628
7629
7631
7633
7634
7637
7641
7648
7654
7656
7660
7661
7662
7668
7673
7675
7677
7685
7686
7688
7693
7696
7700
7702
7703
7704
7706
7708
7710
7714
7715
7716
7717
7720
7722
7726
7727
7736
7738
7742
7745
7746
7750
7755
7758
7761
7762
7774
7775
7777
7779
7780
7783
7786
7788
7793
7794
7804
7805
7806
7807
7812
7816
7817
7821
7825
7828
7831
7834
7840
7842
7843
7844
7847
7851
7853
7856
7859
7861
7862
7866
7867
7872
7873
7875
7878
7880
7883
7884
7885
7886
7887
7888
7892
7897
7898
7901
7902
7907
7909
7911
7917
7922
7924
7926
7927
7937
7942
7945
7947
7958
7960
7971
7972
7973
7974
7977
7984
7990
7992
7993
7994
7995
7998
8001
8006
8008
8009
8016
8018
8022
8026
8028
8029
8032
8034
8035
8036
8039
8041
8047
8048
8053
8055
8056
8060
8069
8071
8073
8075
8077
8081
8083
8089
8090
8092
8093
8098
8102
8111
8113
8114
8120
8125
8127
8135
8141
8146
8147
8152
8156
8159
8170
8171
8173
8174
8175
8177
8183
8186
8187
8188
8190
8191
8194
8197
8202
8203
8214
8219
8225
8227
8233
8236
8249
8252
8255
8263
8264
8269
8270
8273
8277
8278
8281
8283
8284
8288
8290
8296
8297
8298
8302
8315
8317
8323
8332
8334
8338
8339
8346
8349
8352
8356
8358
8359
8361
8365
8377
8379
8381
8382
8390
8397
8403
8404
8411
8414
8417
8420
8421
8423
8424
8426
8429
8435
8437
8439
8441
8444
8448
8449
8452
8453
8454
8455
8463
8465
8481
8490
8493
8494
8500
8505
8507
8511
8514
8516
8517
8522
8524
8534
8537
8548
8554
8556
8560
8564
8567
8572
8580
8583
8586
8588
8598
8604
8606
8609
8610
8611
8617
8618
8619
8623
8624
8626
8629
8634
8642
8651
8654
8655
8658
8659
8665
8666
8667
8669
8677
8679
8683
8684
8686
8692
8694
8696
8697
8700
8711
8712
8716
8720
8722
8723
8727
8734
8744
8745
8747
8748
8750
8751
8752
8755
8761
8766
8768
8769
8771
8774
8777
8789
8790
8792
8793
8804
8805
8809
8817
8818
8824
8825
8829
8831
8837
8845
8850
8852
8853
8854
8856
8862
8863
8864
8865
8876
8877
8880
8882
8884
8886
8890
8893
8894
8908
8909
8918
8921
8923
8927
8938
8944
8948
8952
8956
8960
8961
8967
8968
8970
8973
8974
8975
8976
8981
8983
8989
8992
8998
9001
9002
9009
9010
9016
9022
9032
9034
9035
9036
9037
9041
9042
9044
9048
9056
9065
9071
9076
9077
9082
9083
9085
9089
9090
9092
9096
9097
9108
9109
9110
9111
9112
9113
9114
9116
9118
9120
9123
9125
9126
9128
9130
9131
9137
9144
9148
9157
9158
9162
9163
9167
9168
9170
9176
9182
9187
9188
9189
9194
9196
9199
9202
9204
9214
9215
9220
9225
9227
9228
9230
9232
9233
9237
9242
9249
9250
9255
9260
9269
9270
9284
9285
9290
9295
9296
9299
9306
9307
9310
9313
9316
9317
9318
9324
9326
9328
9333
9335
9337
9338
9350
9352
9355
9356
9358
9370
9376
9377
9382
9384
9385
9388
9391
9398
9420
9423
9428
9429
9430
9433
9435
9438
9441
9445
9447
9448
9452
9456
9457
9458
9459
9461
9463
9466
9473
9475
9482
9489
9491
9493
9494
9496
9512
9514
9516
9517
9518
9519
9525
9526
9527
9535
9542
9546
9550
9557
9561
9564
9569
9575
9577
9578
9581
9582
9588
9594
9595
9598
9599
9602
9611
9615
9617
9619
9620
9622
9628
9630
9631
9649
9651
9659
9663
9664
9676
9678
9692
9696
9699
9703
9707
9715
9718
9727
9729
9733
9734
9737
9744
9755
9758
9760
9767
9768
9774
9779
9780
9787
9803
9815
9816
9820
9827
9829
9834
9856
9860
9872
9896
9902
9903
9913
9915
9925
9929
9940
9960
9965
9968
9976
9978
9979
9981
9987
9995
9996
10001
10010
10017
10025
10026
10028
10033
10036
10038
10039
10056
10058
10062
10071
10072
10083
10087
10098
10103
10106
10108
10109
10116
10120
10121
10122
10124
10128
10135
10136
10142
10143
10146
10149
10159
10164
10166
10168
10169
10170
10172
10176
10177
10181
10183
10188
10189
10190
10202
10205
10224
10227
10228
10237
10238
10249
10260
10290
10292
10317
10321
10322
10327
10331
10340
10347
10366
10376
10379
10385
10386
10397
10399
10406
10407
10419
10420
10421
10425
10432
10437
10439
10444
10458
10462
10464
10479
10480
10485
10486
10490
10491
10496
10510
10511
10512
10518
10520
10522
10537
10543
10545
10557
10562
10569
10574
10580
10582
10600
10607
10608
10616
10632
10636
10646
10657
10666
10667
10672
10675
10676
10681
10682
10689
10695
10696
10700
10704
10707
10716
10724
10729
10730
10732
10739
10751
10753
10756
10758
10761
10767
10778
10784
10788
10801
10812
10824
10832
10835
10841
10846
10849
10855
10856
10875
10887
10889
10892
10895
10896
10898
10903
10910
10911
10912
10913
10915
10917
10922
10927
10929
10932
10936
10938
10940
10945
10947
10948
10949
10950
10953
10956
10962
10977
10978
10984
10987
10996
10997
11002
11007
11012
11016
11019
11021
11025
11032
11037
11038
11059
11070
11072
11075
11081
11085
11086
11089
11093
11104
11106
11109
11111
11118
11120
11121
11127
11133
11141
11144
11171
11182
11185
11189
11192
11193
11198
11206
11212
11217
11218
11222
11225
11243
11249
11256
11257
11258
11260
11264
11270
11284
11296
11303
11304
11312
11315
11320
11325
11327
11329
11333
11342
11344
11359
11370
11377
11378
11379
11382
11383
11395
11403
11406
11410
11420
11423
11427
11446
11447
11459
11461
11464
11470
11474
11475
11476
11481
11490
11491
11504
11509
11522
11525
11530
11531
11542
11554
11557
11564
11566
11582
11583
11597
11601
11603
11610
11621
11634
11635
11636
11638
11646
11663
11683
11694
11702
11708
11713
11727
11728
11734
11746
11748
11774
11778
11782
11784
11786
11794
11796
11797
11802
11803
11808
11830
11842
11844
11848
11850
11851
11864
11879
11891
11896
11903
11904
11905
11907
11914
11921
11934
11953
11958
11967
11969
11991
11993
12014
12017
12029
12038
12039
12042
12048
12050
12058
12081
12085
12094
12104
12105
12118
12123
12131
12136
12148
12149
12165
12167
12173
12175
12192
12193
12194
12200
12201
12215
12219
12222
12226
12231
12242
12243
12245
12246
12252
12255
12268
12281
12285
12289
12291
12293
12311
12322
12323
12337
12345
12354
12393
12399
12402
12418
12437
12438
12447
12451
12465
12476
12478
12482
12485
12486
12501
12506
12513
12514
12530
12531
12532
12535
12536
12546
12547
12551
12561
12562
12569
12578
12581
12588
12591
12593
12601
12605
12606
12614
12617
12624
12626
12630
12631
12636
12649
12664
12667
12674
12677
12685
12691
12693
12694
12695
12698
12700
12713
12756
12772
12774
12776
12777
12791
12795
12796
12798
12805
12819
12822
12827
12837
12846
12850
12871
12872
12874
12880
12883
12884
12885
12905
12906
12909
12916
12918
12924
12927
12933
12941
12946
12948
12951
12958
12967
12971
12989
13011
13012
13014
13024
13026
13031
13036
13053
13056
13062
13073
13076
13080
13081
13085
13088
13092
13102
13104
13106
13112
13115
13116
13127
13129
13154
13180
13182
13183
13188
13189
13194
13196
13197
13199
13208
13213
13216
13221
13230
13231
13235
13243
13248
13249
13251
13256
13258
13264
13266
13267
13271
13272
13274
13280
13284
13294
13299
13300
13304
13305
13312
13313
13325
13329
13333
13340
13341
13352
13367
13373
13374
13375
13397
13411
13413
13419
13422
13434
13435
13440
13447
13448
13451
13452
13458
13460
13462
13467
13471
13476
13493
13523
13537
13547
13553
13555
13556
13578
13608
13615
13617
13625
13630
13638
13639
13642
13647
13673
13684
13704
13705
13707
13710
13743
13746
13748
13756
13785
13786
13794
13813
13821
13825
13828
13833
13866
13900
13901
13915
13926
13927
13943
13973
13979
13981
13983
13998
14006
14013
14021
14030
14037
14050
14051
14055
14056
14072
14074
14106
14138
14139
14146
14169
14170
14177
14178
14201
14202
14211
14213
14219
14235
14245
14256
14284
14289
14294
14296
14300
14303
14305
14307
14316
14319
14328
14352
14355
14362
14386
14390
14393
14399
14408
14417
14425
14439
14448
14450
14453
14458
14463
14475
14478
14483
14503
14506
14510
14516
14517
14545
14550
14553
14568
14571
14621
14624
14647
14674
14679
14711
14713
14733
14735
14743
14749
14753
14756
14766
14768
14772
14781
14783
14787
14789
14793
14846
14851
14864
14865
14889
14891
14896
14898
14958
14986
15000
15004
15019
15030
15037
15045
15049
15058
15072
15078
15097
15107
15118
15120
15123
15148
15150
15163
15164
15183
15195
15209
15219
15225
15242
15245
15260
15266
15273
15277
15285
15289
15297
15300
15308
15321
15324
15382
15389
15391
15405
15423
15429
15445
15454
15461
15491
15493
15505
15516
15529
15542
15552
15560
15572
15604
15613
15625
15626
15646
15660
15663
15688
15693
15705
15711
15721
15723
15725
15734
15737
15738
15741
15753
15759
15765
15775
15776
15783
15801
15813
15816
15820
15828
15852
15856
15859
15861
15874
15883
15890
15898
15915
15921
15929
15963
15966
15973
15981
15982
16011
16018
16021
16028
16036
16041
16042
16057
16061
16080
16099
16100
16105
16123
16167
16178
16181
16188
16191
16202
16226
16250
16266
16272
16274
16278
16292
16320
16329
16332
16355
16357
16378
16381
16386
16413
16433
16458
16470
16479
16502
16510
16513
16531
16547
16553
16573
16602
16610
16622
16631
16636
16662
16717
16746
16747
16774
16783
16795
16797
16800
16801
16807
16816
16821
16831
16851
16866
16870
16883
16901
16903
16905
16906
16946
16952
16953
16961
16982
16997
17008
17019
17023
17061
17062
17063
17128
17137
17142
17163
17165
17182
17186
17190
17197
17209
17220
17232
17256
17300
17306
17338
17387
17408
17419
17423
17424
17431
17457
17460
17461
17477
17496
17551
17559
17560
17564
17578
17584
17594
17602
17617
17626
17636
17664
17683
17684
17687
17703
17760
17779
17821
17826
17830
17840
17890
17903
17907
17914
17921
17924
17937
17954
17955
17962
17979
17980
17988
17989
18007
18048
18050
18056
18057
18064
18075
18146
18162
18172
18176
18201
18209
18210
18223
18248
18259
18260
18261
18280
18310
18342
18354
18381
18382
18389
18395
18402
18412
18441
18444
18483
18534
18553
18554
18568
18569
18606
18611
18631
18634
18655
18683
18707
18777
18803
18839
18841
18849
18863
18874
18882
18883
18892
18934
18941
18971
19009
19012
19016
19021
19042
19051
19068
19093
19104
19105
19112
19136
19149
19163
19217
19238
19314
19323
19338
19374
19378
19490
19500
19585
19593
19595
19600
19622
19654
19665
19667
19668
19676
19755
19766
19806
19811
19816
19825
19826
19827
19837
19855
19859
19897
19898
19905
19922
19939
19948
19952
19958
19984
19998
20010
20018
20020
20044
20051
20054
20078
20098
20126
20131
20133
20148
20155
20207
20219
20221
20259
20264
20267
20289
20318
20366
20371
20389
20402
20435
20453
20461
20541
20544
20556
20569
20617
20630
20635
20692
20734
20735
20746
20799
20820
20830
20875
20900
20930
20945
20962
20966
20990
21004
21044
21059
21082
21108
21144
21146
21175
21199
21233
21255
21257
21267
21277
21287
21288
21325
21350
21358
21432
21435
21436
21437
21442
21456
21485
21502
21525
21527
21536
21539
21550
21651
21758
21764
21820
21826
21830
21857
21859
21880
21884
21890
21897
21921
21926
21943
21958
21962
21973
21994
22072
22106
22149
22162
22187
22188
22225
22289
22348
22350
22374
22407
22439
22574
22609
22636
22656
22661
22676
22691
22709
22717
22743
22780
22793
22797
22898
22987
23032
23096
23110
23217
23239
23241
23261
23314
23320
23342
23351
23479
23502
23504
23517
23548
23554
23558
23566
23659
23665
23688
23691
23748
23766
23768
23777
23808
23814
23840
23845
23848
23856
23866
23892
23917
23965
23970
24041
24069
24071
24073
24088
24148
24153
24169
24188
24232
24259
24348
24382
24387
24447
24487
24490
24510
24532
24551
24596
24612
24618
24642
24670
24684
24695
24733
24828
24867
24918
24947
24956
25001
25071
25072
25073
25074
25075
25076
25077
25078
25079
25080
25082
25083
25084
25086
25087
25089
25090
25092
25093
25094
25098
25099
25100
25101
25102
25104
25105
25106
25107
25108
25109
25110
25113
25116
25117
25118
25119
25121
25122
25123
25125
25126
25127
25128
25129
25130
25132
25133
25134
25135
25136
25138
25139
25141
25142
25143
25144
25145
25149
25151
25152
25153
25154
25155
25156
25157
25158
25160
25161
25162
25163
25164
25165
25166
25167
25168
25169
25170
25171
25173
25174
25175
25177
25178
25180
25181
25182
25183
25184
25185
25186
25187
25188
25189
25190
25192
25193
25194
25196
25198
25199
25200
25201
25203
25204
25206
25207
25208
25210
25211
25213
25214
25215
25216
25217
25218
25219
25220
25221
25222
25223
25225
25227
25228
25229
25230
25231
25232
25233
25234
25235
25236
25237
25238
25240
25241
25242
25244
25245
25246
25248
25250
25251
25253
25254
25255
25256
25257
25258
25259
25260
25263
25265
25266
25267
25270
25271
25272
25273
25274
25275
25276
25277
25278
25279
25281
25282
25284
25287
25288
25290
25291
25295
25298
25300
25301
25302
25303
25306
25309
25310
25311
25314
25315
25321
25322
25323
25324
25326
25328
25330
25331
25332
25333
25334
25335
25336
25337
25338
25339
25340
25342
25343
25345
25346
25348
25351
25354
25355
25356
25360
25361
25362
25363
25364
25365
25366
25367
25368
25371
25372
25373
25374
25375
25376
25377
25380
25381
25383
25385
25389
25391
25393
25396
25398
25400
25405
25406
25407
25408
25409
25410
25411
25412
25413
25415
25416
25420
25421
25424
25425
25426
25427
25428
25430
25434
25435
25437
25438
25439
25440
25443
25444
25446
25448
25449
25450
25451
25454
25455
25456
25459
25460
25461
25462
25463
25464
25466
25467
25468
25469
25471
25473
25474
25476
25478
25479
25481
25485
25486
25487
25491
25493
25494
25495
25496
25497
25498
25499
25500
25503
25505
25506
25507
25510
25511
25512
25514
25515
25516
25517
25519
25520
25521
25522
25524
25525
25528
25529
25534
25537
25540
25544
25545
25546
25547
25548
25550
25551
25552
25553
25554
25555
25557
25558
25559
25560
25561
25562
25563
25565
25566
25567
25568
25569
25572
25573
25575
25577
25578
25579
25580
25581
25582
25583
25584
25585
25586
25587
25588
25589
25591
25592
25593
25594
25595
25596
25597
25598
25599
25600
25601
25602
25603
25605
25606
25608
25609
25611
25612
25613
25614
25616
25617
25618
25619
25620
25621
25622
25624
25625
25627
25628
25629
25630
25631
25632
25633
25635
25637
25638
25639
25640
25641
25642
25644
25647
25648
25649
25651
25652
25653
25654
25656
25657
25658
25659
25660
25661
25663
25664
25665
25666
25667
25668
25669
25671
25673
25678
25679
25681
25682
25683
25684
25687
25689
25696
25700
25701
25702
25703
25704
25706
25707
25708
25709
25710
25711
25712
25715
25716
25717
25719
25720
25722
25726
25728
25729
25730
25732
25734
25736
25739
25740
25742
25744
25746
25747
25753
25754
25759
25760
25762
25764
25768
25770
25771
25772
25774
25776
25777
25778
25781
25782
25783
25784
25785
25786
25788
25789
25791
25792
25794
25795
25797
25798
25799
25800
25801
25803
25805
25806
25808
25810
25811
25812
25813
25814
25816
25817
25818
25820
25821
25822
25823
25824
25825
25826
25827
25828
25829
25830
25831
25832
25833
25834
25835
25836
25837
25839
25841
25842
25844
25845
25846
25847
25850
25851
25852
25854
25855
25856
25857
25858
25859
25860
25861
25862
25863
25864
25865
25867
25868
25869
25870
25871
25874
25879
25881
25882
25883
25884
25885
25886
25887
25888
25889
25890
25892
25893
25894
25895
25896
25897
25898
25899
25900
25901
25902
25903
25904
25906
25907
25908
25910
25911
25912
25913
25914
25915
25916
25917
25918
25919
25922
25923
25924
25925
25926
25927
25929
25930
25931
25932
25934
25935
25936
25937
25941
25944
25945
25946
25950
25951
25952
25953
25954
25955
25956
25957
25958
25959
25961
25964
25966
25967
25972
25976
25978
25980
25981
25986
25987
25990
25993
25995
25996
25998
26001
26002
26003
26005
26006
26007
26008
26009
26010
26011
26012
26015
26019
26020
26021
26022
26023
26025
26027
26028
26029
26031
26034
26036
26037
26038
26042
26043
26044
26045
26051
26053
26055
26058
26059
26061
26062
26063
26065
26068
26069
26070
26072
26073
26075
26076
26079
26081
26082
26083
26085
26089
26091
26093
26095
26096
26097
26098
26099
26105
26106
26108
26109
26114
26115
26116
26117
26118
26119
26120
26122
26123
26124
26125
26126
26127
26128
26130
26131
26132
26133
26134
26136
26138
26139
26143
26144
26145
26146
26147
26148
26149
26150
26153
26154
26155
26157
26158
26160
26161
26164
26165
26170
26171
26173
26174
26175
26176
26177
26178
26179
26181
26182
26183
26185
26186
26187
26188
26189
26190
26191
26192
26193
26194
26195
26196
26197
26198
26199
26200
26201
26204
26205
26207
26209
26210
26211
26212
26213
26214
26215
26216
26218
26219
26220
26221
26223
26224
26225
26226
26227
26228
26229
26231
26235
26237
26240
26242
26243
26244
26247
26248
26250
26252
26253
26255
26256
26257
26258
26259
26261
26262
26264
26265
26266
26268
26270
26271
26272
26274
26275
26277
26278
26279
26280
26281
26283
26284
26285
26286
26287
26289
26293
26294
26295
26296
26299
26301
26302
26303
26305
26309
26310
26313
26318
26319
26320
26322
26323
26324
26325
26327
26328
26329
26330
26331
26333
26336
26337
26338
26339
26340
26344
26345
26346
26355
26356
26357
26358
26359
26361
26364
26365
26366
26369
26372
26373
26376
26378
26380
26381
26382
26384
26386
26388
26392
26397
26399
26400
26401
26402
26405
26406
26407
26408
26410
26411
26413
26414
26415
26417
26418
26419
26420
26422
26425
26427
26431
26432
26434
26435
26436
26437
26438
26440
26441
26442
26443
26444
26445
26446
26447
26448
26451
26452
26453
26454
26455
26456
26457
26459
26460
26461
26462
26463
26464
26467
26469
26471
26472
26473
26474
26475
26476
26477
26479
26480
26481
26482
26483
26484
26485
26486
26487
26489
26490
26491
26492
26495
26497
26499
26500
26501
26502
26503
26507
26508
26509
26510
26512
26513
26516
26517
26519
26520
26521
26522
26523
26524
26525
26526
26527
26529
26531
26532
26533
26534
26538
26541
26545
26549
26550
26551
26552
26554
26556
26558
26560
26564
26565
26566
26567
26569
26571
26572
26573
26574
26575
26576
26577
26578
26579
26581
26582
26584
26585
26586
26587
26589
26591
26592
26594
26595
26596
26599
26604
26612
26614
26616
26617
26618
26620
26621
26622
26623
26625
26627
26628
26629
26630
26631
26633
26634
26636
26637
26638
26640
26641
26643
26645
26646
26648
26649
26651
26654
26655
26659
26660
26661
26663
26666
26667
26671
26673
26674
26675
26676
26679
26680
26681
26682
26684
26686
26687
26688
26689
26691
26693
26694
26695
26696
26697
26698
26699
26700
26701
26702
26705
26706
26707
26708
26710
26711
26712
26713
26714
26715
26716
26717
26718
26719
26720
26721
26722
26723
26724
26728
26729
26730
26731
26732
26736
26737
26738
26739
26740
26741
26742
26743
26744
26745
26746
26747
26748
26750
26751
26752
26755
26758
26759
26760
26762
26766
26767
26768
26769
26770
26771
26774
26776
26778
26779
26780
26784
26785
26786
26788
26789
26790
26791
26792
26794
26796
26797
26798
26800
26801
26802
26803
26804
26805
26806
26809
26810
26813
26814
26817
26820
26823
26824
26826
26828
26829
26832
26833
26834
26835
26842
26844
26846
26847
26848
26858
26859
26861
26862
26863
26864
26865
26866
26867
26871
26874
26875
26877
26878
26879
26881
26885
26886
26888
26890
26891
26892
26893
26894
26895
26896
26897
26898
26899
26901
26902
26904
26905
26906
26908
26909
26910
26913
26914
26915
26916
26917
26918
26919
26921
26922
26924
26925
26930
26931
26934
26935
26936
26937
26938
26939
26942
26943
26944
26945
26946
26948
26950
26952
26953
26954
26956
26957
26959
26960
26962
26964
26965
26966
26967
26971
26973
26974
26977
26979
26982
26983
26984
26987
26988
26989
26990
26991
26992
26993
26997
26998
26999
27001
27002
27003
27004
27005
27006
27008
27010
27012
27014
27016
27017
27020
27021
27025
27028
27029
27031
27032
27033
27034
27036
27037
27040
27042
27043
27044
27046
27048
27049
27050
27051
27052
27053
27054
27055
27056
27058
27059
27063
27064
27065
27066
27071
27073
27075
27077
27078
27079
27080
27081
27082
27083
27084
27086
27088
27089
27090
27091
27092
27093
27095
27097
27100
27103
27105
27108
27109
27110
27111
27112
27113
27114
27117
27119
27120
27121
27123
27124
27125
27126
27128
27129
27131
27133
27134
27135
27137
27139
27140
27141
27142
27144
27145
27146
27147
27148
27149
27150
27152
27154
27156
27157
27158
27159
27160
27163
27164
27166
27167
27168
27170
27171
27173
27174
27175
27177
27178
27179
27180
27181
27182
27183
27184
27186
27187
27188
27190
27193
27194
27195
27197
27198
27200
27201
27202
27203
27205
27206
27208
27211
27212
27214
27216
27218
27220
27222
27224
27229
27230
27233
27235
27236
27240
27241
27242
27243
27246
27249
27252
27253
27254
27256
27262
27265
27266
27267
27268
27270
27271
27272
27273
27275
27276
27277
27278
27279
27280
27287
27288
27291
27293
27294
27295
27296
27297
27298
27299
27300
27301
27302
27303
27304
27306
27308
27309
27310
27311
27312
27318
27321
27322
27323
27324
27325
27326
27328
27330
27332
27334
27336
27337
27338
27339
27343
27345
27347
27348
27350
27351
27352
27353
27354
27356
27360
27361
27362
27364
27365
27366
27367
27369
27372
27374
27375
27376
27377
27379
27380
27381
27382
27384
27385
27386
27388
27389
27391
27393
27394
27395
27397
27398
27399
27401
27403
27404
27405
27407
27410
27411
27412
27416
27417
27418
27419
27421
27423
27424
27425
27427
27429
27430
27432
27433
27435
27436
27438
27440
27441
27443
27444
27445
27446
27451
27452
27453
27454
27458
27459
27463
27465
27466
27468
27469
27471
27473
27475
27476
27477
27479
27481
27483
27487
27488
27491
27493
27496
27497
27498
27501
27504
27505
27506
27507
27508
27511
27517
27521
27522
27523
27525
27526
27527
27530
27531
27532
27534
27535
27537
27539
27540
27541
27543
27546
27548
27549
27550
27552
27554
27555
27557
27559
27560
27561
27564
27565
27567
27568
27569
27571
27572
27573
27574
27575
27576
27578
27579
27580
27583
27588
27589
27591
27592
27593
27595
27597
27599
27602
27604
27606
27607
27608
27611
27612
27616
27617
27618
27619
27620
27621
27623
27624
27625
27626
27629
27630
27632
27633
27634
27635
27636
27637
27638
27641
27646
27647
27648
27649
27650
27651
27653
27656
27657
27659
27661
27662
27663
27666
27667
27668
27670
27672
27674
27677
27678
27681
27682
27683
27684
27685
27686
27689
27690
27691
27692
27694
27695
27696
27697
27698
27699
27701
27704
27707
27708
27710
27711
27712
27713
27714
27715
27716
27717
27719
27720
27721
27722
27723
27724
27728
27729
27730
27732
27733
27734
27735
27736
27738
27743
27744
27747
27748
27749
27750
27751
27753
27754
27755
27758
27761
27762
27763
27764
27765
27767
27768
27769
27771
27772
27773
27775
27776
27779
27780
27782
27784
27786
27790
27791
27793
27794
27796
27798
27800
27801
27802
27803
27804
27805
27812
27818
27819
27820
27822
27824
27826
27827
27828
27829
27830
27833
27835
27837
27840
27841
27844
27845
27847
27849
27851
27852
27853
27854
27855
27857
27858
27859
27861
27862
27864
27865
27866
27869
27870
27871
27872
27873
27874
27875
27878
27879
27883
27884
27885
27886
27887
27890
27891
27892
27895
27898
27899
27900
27901
27902
27907
27908
27911
27914
27916
27918
27922
27926
27929
27930
27932
27934
27936
27937
27938
27944
27946
27948
27950
27951
27954
27957
27958
27959
27960
27962
27963
27965
27966
27967
27971
27974
27976
27977
27978
27979
27980
27982
27984
27985
27986
27989
27992
27994
27997
27998
28000
28001
28002
28004
28005
28006
28010
28011
28012
28013
28018
28019
28024
28030
28032
28035
28037
28040
28041
28044
28045
28046
28048
28049
28050
28051
28052
28054
28055
28056
28057
28061
28062
28063
28064
28065
28066
28069
28075
28076
28078
28079
28081
28083
28084
28085
28086
28087
28089
28090
28092
28093
28094
28098
28099
28100
28101
28102
28104
28106
28107
28108
28110
28111
28112
28113
28115
28116
28117
28118
28119
28120
28121
28122
28124
28125
28126
28128
28130
28132
28134
28135
28136
28137
28140
28141
28144
28146
28147
28150
28151
28152
28154
28158
28164
28165
28166
28167
28170
28172
28173
28176
28178
28179
28180
28184
28189
28190
28194
28196
28197
28199
28200
28202
28203
28213
28215
28219
28227
28233
28234
28236
28238
28239
28240
28242
28243
28244
28247
28249
28250
28251
28252
28254
28255
28257
28258
28259
28260
28261
28262
28263
28264
28265
28266
28267
28268
28272
28273
28275
28277
28278
28280
28281
28282
28284
28285
28287
28290
28291
28298
28299
28302
28305
28312
28314
28317
28318
28319
28321
28322
28325
28327
28331
28334
28336
28337
28339
28340
28345
28346
28348
28351
28353
28357
28360
28363
28365
28368
28370
28372
28376
28379
28381
28383
28384
28385
28386
28387
28389
28390
28391
28393
28395
28396
28398
28399
28401
28402
28403
28404
28405
28407
28408
28409
28410
28415
28416
28417
28420
28421
28423
28425
28426
28427
28428
28429
28431
28433
28436
28439
28440
28441
28443
28445
28446
28453
28455
28456
28457
28460
28461
28462
28463
28464
28465
28466
28469
28471
28472
28477
28479
28484
28485
28487
28488
28489
28493
28494
28496
28497
28498
28499
28500
28501
28502
28503
28509
28511
28513
28514
28515
28518
28519
28522
28523
28524
28525
28526
28527
28529
28530
28533
28536
28539
28540
28543
28545
28546
28549
28552
28554
28556
28557
28558
28559
28560
28561
28562
28564
28568
28570
28572
28574
28575
28581
28583
28585
28586
28588
28589
28591
28597
28601
28602
28603
28606
28607
28610
28612
28613
28615
28616
28618
28619
28623
28624
28625
28626
28628
28632
28633
28636
28640
28641
28642
28643
28645
28648
28649
28650
28651
28652
28654
28655
28656
28657
28658
28659
28660
28661
28664
28665
28667
28669
28671
28674
28676
28678
28679
28680
28682
28683
28685
28686
28688
28689
28690
28691
28692
28693
28694
28696
28697
28701
28705
28708
28713
28716
28719
28720
28724
28725
28731
28732
28733
28734
28738
28740
28741
28743
28745
28747
28748
28751
28754
28755
28757
28759
28760
28761
28763
28764
28768
28770
28772
28775
28777
28779
28783
28784
28785
28787
28792
28793
28794
28795
28796
28797
28798
28799
28800
28801
28802
28803
28804
28806
28807
28812
28814
28815
28819
28823
28824
28827
28828
28833
28834
28835
28841
28842
28843
28846
28847
28848
28849
28851
28852
28854
28855
28859
28860
28865
28866
28868
28870
28871
28876
28877
28878
28883
28885
28886
28887
28888
28892
28894
28897
28898
28899
28901
28906
28908
28909
28910
28912
28913
28915
28917
28920
28922
28925
28927
28928
28929
28930
28931
28933
28935
28936
28938
28940
28942
28943
28944
28945
28947
28948
28949
28951
28952
28954
28960
28963
28964
28970
28972
28976
28977
28979
28980
28986
28989
28990
28992
28996
29001
29004
29006
29007
29011
29017
29018
29019
29020
29022
29029
29030
29032
29033
29034
29035
29036
29037
29038
29040
29041
29042
29043
29044
29048
29049
29050
29055
29056
29058
29060
29061
29062
29063
29064
29066
29067
29068
29069
29079
29082
29087
29088
29089
29091
29096
29097
29098
29101
29106
29107
29108
29109
29110
29112
29117
29118
29120
29121
29122
29123
29124
29126
29130
29131
29140
29143
29144
29145
29146
29149
29150
29152
29154
29155
29156
29157
29159
29161
29165
29167
29168
29169
29170
29173
29176
29177
29179
29180
29182
29184
29188
29193
29194
29195
29197
29201
29203
29207
29215
29217
29221
29222
29223
29224
29225
29228
29234
29237
29243
29245
29252
29254
29255
29257
29258
29260
29261
29262
29263
29265
29267
29272
29273
29276
29279
29281
29284
29286
29292
29293
29294
29295
29298
29299
29301
29305
29311
29313
29314
29318
29319
29321
29323
29324
29327
29328
29331
29332
29333
29334
29335
29338
29344
29347
29348
29351
29353
29354
29355
29359
29361
29363
29365
29369
29370
29371
29372
29374
29376
29377
29379
29382
29383
29386
29387
29389
29392
29395
29396
29397
29400
29401
29402
29403
29404
29405
29406
29407
29410
29411
29412
29414
29415
29416
29417
29420
29421
29423
29424
29425
29427
29428
29429
29432
29434
29435
29436
29437
29438
29441
29443
29445
29446
29447
29448
29450
29451
29452
29453
29458
29460
29463
29464
29466
29469
29475
29476
29481
29482
29483
29485
29486
29489
29491
29492
29493
29496
29498
29499
29500
29501
29502
29504
29505
29506
29507
29509
29510
29518
29519
29521
29525
29526
29527
29529
29534
29538
29539
29540
29541
29544
29545
29547
29548
29550
29552
29555
29557
29560
29562
29564
29565
29574
29575
29585
29586
29594
29599
29602
29604
29606
29608
29616
29619
29621
29623
29629
29638
29640
29642
29644
29645
29646
29647
29649
29651
29655
29656
29658
29660
29662
29667
29669
29670
29672
29674
29675
29677
29682
29683
29685
29691
29693
29695
29699
29700
29706
29708
29709
29710
29711
29712
29714
29715
29721
29722
29723
29726
29727
29735
29737
29738
29740
29744
29749
29750
29756
29757
29763
29771
29772
29776
29780
29781
29785
29788
29789
29792
29799
29802
29803
29804
29805
29806
29808
29812
29813
29821
29823
29824
29825
29833
29834
29836
29837
29838
29845
29848
29851
29852
29853
29856
29857
29862
29863
29864
29866
29869
29870
29874
29875
29877
29878
29879
29880
29881
29884
29885
29888
29889
29892
29893
29894
29897
29898
29899
29905
29910
29914
29915
29917
29923
29933
29937
29941
29945
29956
29957
29961
29964
29969
29971
29972
29980
29987
29989
29993
30003
30005
30013
30014
30015
30017
30018
30020
30022
30024
30027
30034
30035
30036
30046
30048
30049
30050
30051
30052
30056
30057
30059
30061
30063
30066
30068
30069
30071
30072
30075
30077
30079
30080
30082
30083
30085
30087
30089
30093
30094
30096
30098
30099
30100
30101
30102
30103
30105
30107
30108
30112
30117
30118
30120
30124
30125
30128
30129
30130
30131
30136
30138
30140
30144
30149
30153
30158
30159
30160
30162
30163
30165
30166
30168
30171
30172
30173
30174
30175
30176
30178
30179
30180
30182
30183
30184
30190
30196
30201
30203
30205
30214
30215
30217
30218
30219
30220
30221
30225
30229
30232
30234
30236
30241
30246
30250
30255
30260
30264
30266
30267
30268
30269
30270
30272
30274
30275
30286
30289
30293
30294
30297
30299
30300
30301
30304
30307
30308
30309
30311
30312
30313
30314
30327
30329
30330
30331
30332
30336
30344
30362
30365
30366
30367
30368
30371
30373
30374
30376
30378
30379
30382
30388
30390
30398
30400
30402
30403
30408
30412
30413
30418
30420
30421
30426
30430
30432
30436
30438
30447
30455
30456
30458
30459
30460
30461
30463
30470
30471
30472
30474
30475
30477
30478
30480
30481
30491
30492
30493
30495
30499
30510
30511
30512
30514
30516
30519
30520
30521
30523
30525
30528
30529
30532
30534
30536
30540
30543
30544
30545
30548
30553
30556
30558
30567
30570
30571
30572
30579
30587
30588
30589
30590
30599
30601
30603
30607
30611
30612
30614
30619
30621
30622
30623
30624
30627
30630
30631
30635
30641
30643
30647
30649
30651
30654
30659
30662
30665
30666
30669
30673
30675
30676
30678
30684
30694
30695
30699
30700
30703
30704
30705
30709
30715
30716
30717
30718
30722
30724
30725
30726
30727
30729
30732
30734
30736
30738
30740
30741
30748
30749
30754
30755
30756
30759
30760
30761
30765
30766
30769
30770
30772
30779
30780
30781
30783
30784
30787
30790
30791
30793
30794
30795
30796
30797
30812
30815
30816
30817
30818
30821
30824
30826
30828
30837
30839
30840
30845
30849
30852
30860
30861
30862
30865
30867
30872
30874
30883
30884
30901
30907
30912
30914
30917
30918
30926
30928
30929
30931
30932
30937
30938
30940
30941
30946
30947
30949
30959
30961
30969
30973
30974
30996
31004
31010
31013
31014
31015
31017
31019
31020
31023
31031
31032
31033
31034
31036
31037
31038
31039
31041
31044
31049
31051
31052
31056
31067
31070
31078
31090
31091
31094
31097
31098
31099
31100
31101
31102
31104
31106
31110
31117
31121
31122
31129
31134
31137
31141
31144
31150
31152
31157
31162
31163
31165
31166
31168
31169
31172
31174
31186
31187
31196
31197
31200
31204
31209
31210
31216
31217
31220
31221
31225
31228
31241
31242
31243
31244
31252
31254
31263
31268
31280
31282
31288
31290
31291
31294
31300
31303
31304
31315
31316
31324
31325
31331
31334
31335
31338
31339
31352
31353
31354
31356
31367
31372
31373
31374
31376
31381
31384
31385
31386
31390
31393
31397
31398
31401
31404
31409
31410
31412
31421
31429
31432
31433
31438
31452
31458
31461
31466
31476
31483
31488
31489
31493
31498
31502
31506
31516
31517
31518
31531
31535
31538
31540
31542
31545
31546
31547
31549
31554
31558
31559
31571
31575
31587
31588
31589
31590
31592
31598
31599
31600
31601
31603
31604
31606
31607
31609
31612
31616
31622
31629
31634
31635
31637
31638
31639
31641
31644
31645
31647
31652
31661
31663
31670
31671
31674
31675
31676
31678
31681
31691
31692
31693
31698
31699
31701
31702
31703
31708
31710
31713
31714
31717
31723
31725
31727
31729
31742
31747
31749
31751
31755
31758
31772
31776
31782
31783
31789
31790
31793
31795
31796
31798
31799
31800
31801
31805
31807
31810
31811
31817
31833
31834
31835
31836
31840
31845
31851
31852
31856
31861
31862
31864
31869
31871
31873
31874
31875
31877
31878
31881
31889
31894
31902
31903
31904
31910
31921
31924
31927
31928
31936
31940
31941
31942
31944
31945
31946
31947
31951
31958
31961
31966
31971
31974
31978
31981
31987
31990
31992
31998
31999
32001
32004
32009
32015
32016
32021
32022
32028
32032
32033
32038
32040
32044
32049
32051
32072
32077
32079
32080
32090
32093
32095
32097
32099
32100
32102
32103
32105
32112
32114
32117
32119
32121
32126
32131
32136
32137
32139
32151
32155
32157
32162
32170
32171
32180
32181
32186
32190
32192
32193
32194
32195
32198
32199
32201
32204
32205
32207
32208
32210
32220
32222
32224
32228
32229
32234
32235
32242
32243
32244
32245
32246
32256
32257
32260
32261
32262
32265
32267
32271
32277
32279
32284
32287
32289
32290
32301
32302
32307
32312
32314
32316
32321
32323
32325
32330
32337
32340
32341
32344
32346
32347
32350
32353
32367
32372
32384
32387
32388
32389
32391
32394
32395
32400
32401
32405
32408
32416
32417
32423
32431
32435
32438
32439
32443
32446
32447
32450
32451
32454
32469
32470
32471
32473
32474
32480
32484
32490
32493
32495
32497
32498
32503
32506
32508
32510
32518
32520
32521
32524
32526
32529
32534
32535
32543
32546
32547
32551
32554
32555
32564
32569
32577
32586
32588
32596
32600
32609
32613
32617
32618
32621
32624
32629
32630
32634
32635
32636
32638
32640
32646
32648
32649
32653
32669
32670
32672
32674
32675
32689
32695
32696
32699
32703
32705
32708
32716
32729
32733
32740
32755
32759
32761
32762
32772
32773
32777
32779
32787
32795
32797
32802
32804
32806
32809
32822
32826
32828
32833
32834
32836
32837
32840
32850
32855
32856
32863
32865
32869
32871
32874
32875
32877
32879
32886
32895
32897
32902
32903
32904
32907
32932
32937
32940
32944
32945
32948
32951
32954
32960
32962
32963
32967
32975
32976
32980
32981
32984
32986
32987
32988
33001
33002
33004
33009
33010
33011
33013
33019
33020
33029
33035
33041
33055
33064
33066
33071
33072
33076
33079
33080
33085
33087
33092
33100
33101
33117
33128
33130
33135
33140
33143
33144
33152
33154
33155
33156
33161
33173
33175
33176
33180
33181
33182
33203
33210
33220
33223
33229
33230
33240
33250
33251
33258
33266
33267
33271
33275
33278
33282
33294
33296
33303
33305
33312
33321
33323
33326
33333
33335
33336
33337
33340
33346
33357
33360
33362
33364
33381
33404
33408
33419
33420
33424
33439
33444
33446
33460
33475
33486
33494
33497
33501
33506
33512
33516
33519
33522
33527
33537
33556
33559
33568
33569
33571
33574
33575
33598
33603
33604
33610
33615
33616
33624
33625
33627
33628
33661
33666
33674
33675
33690
33691
33694
33700
33703
33718
33741
33757
33766
33767
33774
33777
33780
33784
33796
33800
33809
33828
33832
33851
33855
33865
33867
33869
33884
33891
33896
33912
33925
33930
33933
33937
33946
33949
33957
33960
33968
33975
33976
33989
33995
33996
33998
34003
34008
34022
34023
34025
34026
34032
34042
34056
34059
34067
34082
34096
34097
34106
34113
34119
34135
34141
34152
34161
34162
34167
34175
34178
34191
34222
34235
34236
34239
34241
34263
34295
34300
34308
34309
34318
34321
34325
34330
34339
34341
34344
34347
34356
34360
34365
34367
34373
34376
34377
34380
34385
34395
34403
34404
34405
34414
34432
34438
34443
34448
34454
34473
34475
34476
34478
34482
34495
34497
34509
34510
34528
34534
34535
34540
34560
34561
34566
34574
34575
34578
34583
34587
34595
34606
34615
34619
34623
34624
34626
34627
34643
34651
34665
34668
34669
34670
34681
34683
34691
34697
34699
34700
34702
34704
34708
34709
34721
34733
34737
34747
34763
34767
34770
34773
34777
34778
34785
34791
34795
34796
34799
34800
34813
34835
34836
34839
34842
34852
34860
34863
34865
34874
34880
34886
34887
34889
34893
34900
34903
34910
34913
34920
34923
34924
34925
34928
34931
34932
34934
34936
34945
34946
34960
34961
34963
34967
34969
34973
34978
34982
34984
34985
34991
34992
34993
34996
35006
35007
35010
35011
35013
35021
35030
35033
35034
35068
35070
35071
35089
35105
35111
35115
35118
35120
35132
35133
35138
35151
35170
35175
35181
35182
35210
35217
35219
35221
35225
35233
35241
35244
35249
35252
35253
35254
35257
35263
35271
35275
35283
35296
35300
35310
35323
35338
35356
35370
35395
35397
35401
35404
35417
35426
35427
35432
35434
35440
35443
35444
35446
35447
35452
35464
35468
35474
35499
35501
35504
35520
35522
35530
35538
35548
35550
35562
35563
35567
35568
35584
35610
35622
35623
35625
35636
35642
35643
35648
35672
35674
35677
35680
35716
35720
35725
35733
35736
35765
35774
35783
35786
35787
35792
35793
35801
35810
35816
35820
35825
35830
35852
35866
35871
35873
35880
35886
35908
35923
35932
35939
35942
35947
35962
35965
35971
35986
35996
36024
36031
36032
36062
36074
36079
36097
36098
36122
36146
36148
36171
36182
36196
36199
36209
36216
36219
36220
36224
36229
36245
36267
36279
36294
36330
36358
36366
36372
36381
36386
36393
36426
36430
36434
36440
36470
36485
36491
36506
36511
36519
36521
36522
36538
36546
36548
36558
36560
36617
36625
36635
36647
36648
36655
36688
36690
36692
36701
36732
36739
36752
36756
36773
36807
36827
36906
36913
36930
36972
37047
37075
37142
37149
37156
37163
37188
37194
37212
37223
37252
37279
37292
37330
37371
37384
37438
37477
37479
37503
37507
37520
37524
37572
37581
37589
37676
37707
37729
37788
37810
37823
37847
37868
37873
37877
37892
37924
37949
37951
37953
37986
37987
38001
38009
38011
38023
38028
38034
38044
38079
38092
38097
38109
38125
38141
38179
38182
38273
38341
38359
38398
38402
38433
38461
38482
38485
38492
38537
38539
38569
38603
38662
38684
38763
38844
38881
38893
38906
38919
38921
38934
38953
38987
39002
39069
39077
39123
39133
39169
39180
39199
39223
39261
39264
39266
39298
39300
39301
39305
39306
39307
39310
39366
39375
39412
39414
39417
39521
39529
39534
39536
39541
39578
39645
39681
39745
39776
39787
39805
39816
40121
40123
40179
40216
40357
40377
40494
40540
40577
40664
40735
40817
41030
41119
41230
41517
41547
41707
41919
41947
42053
42115
42117
42127
42137
42363
42380
42426
42456
42552
42685
43065
43174
43182
43222
43223
43246
43321
43382
43520
43622
43723
43862
43872
44353
44647
44648
44765
44818
45121
45130
45155
45187
45321
45323
45389
45502
45604
45702
45872
45934
45949
45951
45988
46013
46067
46191
46704
46733
46829
46976
47237
47383
47455
47582
47712
47733
47884
47900
47916
47985
48159
48306
48412
48413
48477
48484
48500
48534
48646
48647
48674
48873
49149
49187
49188
49261
49314
49392
49574
49643
49664
49808
49831
50227
50290
50502
50515
50517
50556
50594
50607
50637
50685
50765
50813
50882
50888
51588
51605
51606
51635
51658
51662
51685
51792
51835
51855
51869
51895
51937
51988
52011
52037
52170
52176
52207
52315
52337
52375
52398
52438
52501
52534
52535
52610
52651
52660
52667
52712
52813
52833
53093
53111
53121
53168
53234
53279
53292
53314
53319
53364
53373
53423
53576
53663
53806
53811
53859
54063
54240
54536
54646
54706
54730
54745
54804
54860
54985
55177
55208
55562
55643
55966
56530
56621
56863
56878
56895
56927
56940
56952
56953
56959
56963
56967
56978
57017
57035
57036
57110
57143
57187
57188
57190
57205
57211
57216
57220
57231
57307
57311
57355
57453
57467
57475
57485
57488
57497
57522
57538
57555
57565
57566
57574
57620
57739
57758
57785
57814
57835
57874
57877
57878
57895
57913
57919
57945
57952
57953
57960
58023
58034
58051
58054
58056
58063
58137
58167
58198
58222
58224
58262
58305
58333
58335
58350
58377
58417
58431
58555
58569
58572
58604
58608
58609
58625
58641
58645
58654
58661
58671
58774
58784
58825
58864
58886
58892
58921
59027
59058
59232
59260
59268
59292
59308
59317
59384
59454
59459
59474
59508
59509
59513
59521
59530
59532
59557
59596
59613
59733
59887
59923
59939
59946
59947
59970
60018
60090
60105
60110
60142
60173
60174
60184
60219
60267
60298
60321
60372
60418
60474
60651
60672
60684
60689
60690
60694
60697
60702
60705
60720
60722
60723
60724
60731
60733
60739
60741
60748
60754
60756
60766
60768
60769
60773
60783
60784
60787
60796
60811
60816
60956
60960
60961
60965
60969
60974
60978
60984
60991
61023
61028
61029
61032
61042
61050
61061
61062
61072
61087
61097
61098
61100
61111
61133
61141
61144
61151
61166
61223
61231
61245
61279
61282
61305
61313
61333
61339
61389
61432
61463
61527
61548
61551
61608
61696
61700
61702
61746
61751
61757
61768
61786
61803
61827
61930
61969
61980
61989
62005
62018
62123
62129
62154
62157
62160
62165
62188
62212
62222
62231
62250
62283
62363
62392
62400
62428
62455
62489
62575
62583
62600
62603
62716
62738
62772
62796
62817
62868
62886
62905
62924
62984
63015
63017
63048
63063
63077
63133
63153
63164
63178
63183
63211
63268
63421
63426
63463
63467
63472
63476
63734
63800
63809
64327
64575
64688
64938
64956
65016
65097
65445
65541
65544
65686
65738
66149
66345
66371
66412
66542
66835
67194
67305
67404
68392
68406
68897
69168
69256
69265
69328
69709
69949
69967
70020
70464
70502
70513
70623
71196
71434
71492
71531
71594
72112
72298
72575
73393
73450
73489
73867
74292
74430
74866
75182
75292
75294
75304
75314
75356
75403
75453
75515
75573
75719
75749
75772
75797
75821
75825
75830
75843
75902
75937
76011
76022
76136
76155
76345
76359
76373
76426
76445
76503
76567
76588
76591
76639
76693
76923
76960
76963
77056
77101
77206
77227
77386
77430
77439
77467
77508
77541
77550
77560
77603
77611
77664
77715
77729
77746
77751
77767
77792
77865
77907
78005
78006
78063
78139
78174
78270
78290
78297
78419
78425
78441
78463
78496
78666
78695
78747
78753
78808
78811
78833
78850
78871
78883
79065
79150
79231
79298
79525
79766
80049
80284
80763
80925
81042
81858
82015
82669
82842
83081
83492
83947
84092
84263
84307
84400
84570
84588
84656
84672
84757
85418
85515
85551
85733
85846
85971
85996
86499
86585
86665
87032
87071
87293
87474
87493
87531
87685
87711
87739
87818
87879
87957
87979
87980
88083
88099
88134
88140
88142
88152
88155
88235
88245
88296
88456
88470
88486
88495
88524
88527
88533
88544
88576
88641
88731
88749
88773
88781
88798
88821
88894
88932
89017
89111
89129
89134
89144
89148
89218
89225
89293
89296
89303
89375
89398
89424
89525
89527
89609
89768
89788
89790
89791
89802
89825
89864
89877
89881
89918
89951
90185
90515
90903
91855
92358
92442
92543
92963
92987
93075
93108
93170
93409
93444
93606
93998
94172
94262
94543
94686
94755
94866
95326
95340
95403
95602
95827
96043
96135
97129
97144
97146
97198
97204
97279
97428
97475
97483
97497
97517
97572
97644
97704
97808
97811
97832
97865
97870
98057
98072
98096
98122
98186
98223
98526
98533
98537
98576
98584
98625
98676
98702
98709
98743
98793
98917
98942
98963
99082
99288
99627
99694
99811
100955
101154
101348
101490
101864
101983
102089
102746
104398
104642
104717
104819
104995
105435
105891
105945
106574
106653
106783
106962
107019
107267
107343
107358
107362
107411
107417
107480
107656
107660
107701
107742
107801
107803
107820
107939
107991
108059
108060
108129
108147
108182
108183
108188
108190
108195
108201
108203
108204
108206
108211
108212
108214
108216
108222
108223
108225
108228
108233
108236
108238
108241
108242
108244
108246
108249
108255
108257
108261
108262
108267
108280
108281
108288
108293
108310
108311
108317
108319
108394
108429
108460
108490
108681
108711
108796
109867
110251
111089
111252
112030
112086
112093
112153
112187
112194
112206
112486
112509
112522
113099
113131
113222
113230
113352
113423
113466
113619
113641
113726
113728
113756
113890
113918
113940
113973
114012
114076
114134
114318
114401
114632
114834
114860
114923
114953
114984
115034
115055
115263
115354
115381
115434
115476
115567
115751
115845
115879
115882
115889
116015
116123
116335
116454
116478
116595
116608
116675
116686
116715
116897
117200
117234
117321
117974
118652
118654
118887
119209
119258
119270
119520
119643
119650
119713
119876
120113
120326
120434
120988
121106
121315
121563
121738
121739
121755
121977
122173
122174
122210
122382
122395
122442
122450
122467
122744
122847
123137
123181
123202
123207
123209
123224
123225
123252
123296
123379
123436
123520
123562
123702
123978
124322
124393
124758
124775
124865
124934
125050
125096
125102
125338
125480
125580
126111
126462
126524
126593
126679
127046
127149
127527
127859
128195
128400
128409
128688
128701
128845
128886
128899
128959
128971
128976
128981
129005
129029
129081
129106
129150
129167
129179
129226
129251
129255
129298
129351
129463
129467
129503
129566
129646
129893
129898
130017
130295
130342
130848
131070
131421
131572
131844
132347
132687
133083
133296
133502
133560
133969
134217
134365
135223
135275
135286
135512
135642
135682
135725
135775
135810
135912
136029
136036
136074
136223
136232
136352
136472
136994
137158
137254
137360
137727
137782
137935
138058
138087
138174
138190
138198
138235
138237
138630
138877
139833
140700
141008
141009
141589
141629
141689
141832
141922
141942
142208
142217
142339
142463
142504
142678
142762
142767
143037
143107
143156
143865
144013
144394
144549
144689
145263
145270
145317
145465
145537
145713
145931
146300
146419
146430
146486
146757
146884
146891
146905
146917
146938
146950
146954
146959
146977
146992
146993
147014
147031
147199
147279
147390
147424
147433
147507
147698
147743
147750
147847
147961
148022
148065
148116
148252
148287
148289
148293
148297
148298
148299
148301
148303
148314
148317
148319
148320
148323
148325
148327
148338
148343
148344
148345
148349
148350
148360
148363
148365
148367
148368
148369
148371
148373
148377
148383
148387
148388
148390
148391
148393
148394
148395
148399
148400
148403
148409
148412
148416
148417
148418
148419
148421
148422
148423
148425
148428
148436
148439
148440
148442
148446
148450
148453
148456
148458
148462
148466
148468
148469
148471
148473
148477
148478
148479
148482
148487
148490
148491
148494
148499
148501
148503
148507
148516
148518
148520
148523
148524
148525
148527
148528
148531
148534
148540
148541
148544
148545
148546
148547
148549
148551
148554
148555
148556
148557
148559
148567
148574
148575
148576
148579
148581
148583
148585
148592
148600
148601
148603
148608
148616
148618
148621
148623
148626
148627
148635
148637
148640
148650
148653
148663
148666
148696
148698
148700
148705
148719
148740
148746
148753
148766
148770
148788
148790
148791
148854
148929
148991
149000
149092
149612
149873
150275
150389
150652
150769
151677
151905
151942
151964
152046
152485
152653
153066
153159
153239
153241
153244
153245
153246
153250
153251
153257
153258
153263
153265
153276
153277
153280
153283
153284
153288
153292
153294
153295
153296
153298
153300
153304
153305
153310
153313
153314
153316
153317
153318
153319
153321
153328
153329
153330
153332
153333
153334
153335
153336
153343
153344
153348
153351
153353
153364
153365
153366
153367
153369
153371
153373
153374
153377
153381
153389
153391
153392
153395
153396
153397
153402
153409
153411
153412
153415
153420
153423
153424
153428
153429
153437
153438
153441
153442
153449
153450
153460
153461
153465
153466
153468
153471
153472
153473
153474
153475
153477
153480
153481
153484
153485
153488
153490
153491
153493
153496
153497
153503
153504
153505
153510
153511
153513
153520
153523
153525
153531
153533
153536
153544
153545
153557
153558
153567
153568
153575
153578
153590
153591
153592
153593
153595
153602
153604
153605
153610
153611
153612
153617
153624
153628
153629
153635
153637
153640
153660
153663
153692
153693
153694
153709
153710
153714
153718
153775
153782
153786
153787
153793
153810
153823
153840
153841
153844
153853
153889
153896
153899
153904
153905
153906
153908
153909
153918
153927
153928
153930
153936
153937
153944
153950
153952
153955
153960
153975
153983
153984
153988
153995
154024
154028
154060
154131
154140
154145
154154
154217
154312
154323
154410
154412
154435
154557
154580
154606
154733
154737
154757
154773
154809
154876
154908
154915
155017
155429
155728
155900
156893
157154
157228
157341
157375
157411
157450
157485
157522
157573
157605
157616
157686
157722
157774
157787
157861
157863
157881
157956
158110
158119
158172
158190
158234
158347
158424
158510
158556
158569
158602
158722
158824
158889
158901
158910
158981
159040
159041
159043
159126
159323
159326
159359
159361
159369
159370
159406
159408
159409
159421
159428
159432
159441
159459
159463
159464
159465
159472
159473
159478
159484
159487
159491
159506
159507
159508
159510
159517
159518
159533
159541
159554
159569
159577
159643
159683
159692
159809
159972
160006
160413
160416
160431
160452
160453
160461
160465
160466
160474
160475
160482
160486
160487
160488
160491
160510
160515
160517
160518
160534
160547
160550
160558
160565
160570
160572
160585
160589
160594
160599
160605
160611
160622
160623
160628
160646
160650
160658
160659
160663
160670
160677
160680
160699
160700
160707
160716
160733
160735
160748
160750
160761
160765
160777
160778
160798
160800
160801
160815
160818
160836
160838
160843
160862
160867
160869
160874
160880
160881
160886
160888
160890
160897
160911
160912
160913
160925
160929
160939
160956
160962
160973
160982
161007
161017
161030
161031
161048
161049
161104
161106
161122
161141
161148
161156
161163
161169
161184
161187
161211
161221
161226
161227
161232
161233
161270
161271
161276
161279
161286
161302
161316
161322
161334
161338
161349
161351
161358
161371
161390
161391
161393
161398
161402
161404
161411
161419
161432
161435
161440
161444
161458
161466
161468
161471
161476
161479
161480
161483
161490
161519
161521
161534
161545
161547
161554
161559
161564
161579
161595
161607
161617
161619
161621
161629
161634
161635
161637
161648
161650
161662
161663
161668
161678
161711
161716
161722
161730
161747
161751
161752
161761
161762
161767
161770
161773
161781
161785
161790
161799
161800
161801
161803
161826
161833
161846
161883
161884
161891
161903
161915
161916
161919
161932
161934
161953
161966
161967
161971
161987
161989
162011
162031
162073
162076
162080
162084
162087
162099
162116
162147
162155
162173
162191
162201
162250
162254
162282
162284
162293
162311
162315
162317
162325
162336
162341
162361
162366
162368
162370
162381
162383
162384
162387
162388
162403
162407
162411
162413
162416
162427
162443
162460
162468
162469
162470
162473
162485
162489
162530
162539
162544
162549
162550
162574
162579
162605
162628
162641
162666
162675
162684
162695
162705
162709
162774
162777
162815
162827
162830
162831
162836
162838
162842
162851
162858
162864
162892
162893
162921
162966
162970
162971
162972
163017
163018
163066
163085
163124
163138
163155
163198
163201
163215
163223
163228
163230
163235
163256
163268
163282
163298
163308
163315
163359
163446
163455
163456
163523
163527
163546
163567
163575
163610
163675
163791
163941
164096
164141
164168
164214
164269
164295
164437
164490
164497
164574
164626
164631
164672
164676
164704
164710
164759
164760
164780
164806
164813
164865
164869
164873
164957
164977
164980
165043
165078
165102
165122
165172
165185
165187
165204
165218
165221
165223
165235
165243
165249
165259
165260
165268
165272
165280
165282
165293
165294
165299
165314
165315
165317
165323
165331
165338
165352
165362
165373
165384
165385
165390
165391
165392
165398
165401
165404
165409
165414
165415
165417
165420
165423
165431
165460
165461
165465
165468
165469
165474
165506
165510
165512
165515
165543
165552
165557
165560
165569
165576
165596
165602
165607
165612
165625
165657
165680
165681
165683
165725
165737
165752
165753
165755
165807
165810
165813
165822
165829
165878
166347
166425
167142
167209
167689
167759
168005
168131
168410
168428
168433
168463
168592
168619
168681
168698
168734
168789
168813
168987
169007
169065
169100
169232
169280
169285
169300
169373
169414
169498
169518
169594
169663
169666
169708
169716
169732
169756
169767
169770
169784
169857
169878
169977
170044
170145
170157
170247
170483
170492
171065
171072
171145
171147
171149
171163
171183
171195
171199
171204
171209
171212
171238
171253
171255
171268
171269
171275
171393
171439
171499
171912
171960
171962
172008
172025
172065
172404
172414
172530
173115
173334
173450
173540
173682
173884
173964
174022
174064
174073
174145
174207
174221
174235
174275
174319
174413
174463
174613
174728
174807
174815
174891
174989
175075
175455
175477
175719
176061
176089
176126
176146
176454
176460
176601
177646
177689
177730
177780
180191
180705
180984
181160
181182
181323
181372
181403
181431
181591
181688
181960
182702
183542
183652
184334
184402
184922
184926
184927
184958
185017
185463
185537
185553
185632
185634
185681
185755
185946
185969
186297
186300
186457
186693
187518
187801
187988
187989
188344
188521
188690
188735
188737
188757
188856
188935
188947
188955
189137
189167
189191
189273
189322
189396
189692
189819
190152
190325
190529
191185
191469
192813
193494
193541
193616
193667
193750
193765
193852
193873
194200
194286
194443
194453
194456
194528
195648
195899
196030
196041
196193
196195
196313
196641
196662
196791
196841
196934
196958
196960
197397
197968
197976
197979
198034
198095
198112
198253
198402
198692
198724
198786
198909
198949
198954
198971
199008
199110
199112
199191
199216
199372
199853
199979
200061
200068
200493
200669
200687
200797
200833
200881
200999
201027
201036
201041
202255
202422
202555
202617
202634
202669
202773
202802
202846
203169
203813
203977
204010
204138
204213
204214
204300
204454
204589
205325
205469
205699
205744
205784
205838
206037
206064
206480
206576
206582
207119
207496
207541
207665
207809
207983
208347
208556
208643
208791
208862
208962
208984
209040
209152
209379
209813
209920
209922
210060
210232
210366
210464
210468
210540
210549
210654
211123
211372
211508
211519
211576
211852
212002
212011
212066
212191
212365
212730
212757
213418
213509
213515
213707
213817
213852
213997
214168
214193
214334
214348
214361
214375
214641
214652
214677
214906
215198
215237
215354
215690
215723
215730
216094
216179
216324
216336
216493
216611
216706
217042
217125
217845
217986
218282
218390
218653
219152
219595
219597
219600
219778
219989
220158
220687
220964
221034
221186
221570
222125
222592
222603
222976
223087
223116
223203
223367
223834
224541
224734
224783
225285
225546
225658
226027
226050
226053
226075
226076
226077
226079
226080
226084
226085
226090
226091
226097
226099
226101
226102
226103
226104
226106
226110
226111
226112
226115
226117
226120
226122
226125
226126
226129
226130
226134
226135
226136
226138
226155
226158
226159
226165
226167
226175
226176
226185
226188
226190
226191
226192
226203
226204
226205
226206
226212
226214
226215
226220
226224
226232
226233
226236
226237
226339
226351
226418
226590
226707
226716
226972
227243
227374
227414
227438
227504
228009
228049
228123
228701
229135
229222
229223
229805
229831
229841
229911
229953
230172
230329
230531
230572
230805
231043
231058
231500
231543
232160
232561
232589
232592
232741
232853
233551
233574
233589
233664
233788
233830
234032
234734
234834
234995
235604
235744
235758
236015
236022
236066
236290
236401
236932
237208
237514
237528
238205
238219
238269
238299
238671
238723
238773
238872
238957
239007
239187
239307
239309
240172
240318
240503
241131
241829
241836
241853
241937
241988
242452
242532
242725
243146
243589
243603
243693
243701
243833
244135
244156
244266
244448
244772
244813
244819
245063
245682
246015
246020
246029
246263
246826
246827
246887
247029
247658
247663
247927
247974
248389
248737
248766
248916
249113
249244
249613
249885
250830
250846
251088
251253
251471
251478
251704
251706
251751
251994
252140
252141
252142
252143
252962
253227
253255
253357
253358
253715
254116
254138
254211
254214
254223
254231
254342
254688
254737
254863
254916
255201
256160
256192
256442
256443
256448
256577
256631
256700
256806
256944
257127
257196
257516
257558
257562
258289
258986
259160
259169
259192
259542
259560
259699
260042
260126
260566
260620
260623
261289
261582
261729
261813
261820
262008
262502
262588
263017
263098
264504
265085
265702
265765
266488
266491
266509
267682
267750
267755
267999
268147
268530
269444
269704
269719
270277
270417
270752
270793
270801
271056
271213
271464
271472
271487
271510
271559
271585
271593
271643
271776
271913
271935
272154
272160
272165
272167
272168
272173
272175
272178
272189
272193
272199
272202
272203
272204
272206
272213
272220
272229
272230
272250
272265
272308
272379
272521
272676
272867
273149
273219
273263
273279
273728
273773
274039
274489
274910
275104
275119
275121
275835
275843
275860
276764
277199
277233
277279
277311
277953
278315
278623
278793
278878
279097
279108
279109
279487
279599
